# from 1511.01580, Beare, Brown, etc
# table 8,9,10, all, red, blue
# ALL
# magnitudes Mb-5 log h70  (rest frame AB)
# Phi in 1.e-3 [h_70/ Mpc]^3/mag
# min        max    0.2-0.4           0.4-0.6   0.6-0.8   0.8-1.0   1.0-1.2
#                         val, err            val, err    val, err    val, err     val, err
-24.00   -23.75   -99       -99        -99    -99      -99    -99    0.001  0.001    -99    -99
-23.75   -23.50   -99       -99    0.001  0.001   0.001  0.001   0.001  0.001  0.003  0.001        
-23.50   -23.25   -99       -99    0.001  0.001   0.001  0.001   0.005  0.001  0.006  0.001     
-23.25   -23.00   -99       -99    0.007  0.002   0.007  0.002   0.017  0.002  0.024  0.003
-23.00   -22.75   0.001   0.001  0.014  0.003   0.027  0.003   0.054  0.004  0.054  0.004
-22.75   -22.50   0.004   0.003  0.044  0.005   0.073  0.006   0.130  0.007  0.122  0.006
-22.50   -22.25   0.054   0.009  0.111  0.009   0.172  0.009   0.250  0.009  0.234  0.008
-22.25   -22.00   0.143   0.015  0.275  0.014   0.336  0.012   0.452  0.012  0.408  0.011
-22.00   -21.75   0.309   0.021  0.508  0.019   0.563  0.016   0.791  0.016  0.693  0.014
-21.75   -21.50   0.496   0.027  0.808  0.023   0.849  0.019   1.150  0.020  0.986  0.017
-21.50   -21.25   0.832   0.035  1.169  0.028   1.234  0.023   1.693  0.024    -99      -99
-21.25   -21.00   1.155   0.042  1.654  0.034   1.627  0.027   2.249  0.028    -99      -99
-21.00   -20.75   1.621   0.049  2.167  0.038   2.152  0.031    -99      -99     -99      -99
-20.75   -20.50   2.026   0.055  2.545  0.042   2.651  0.035   -99      -99      -99      -99
-20.50   -20.25   2.428   0.060  3.014  0.045   2.995  0.037    -99      -99      -99      -99
-20.25   -20.00   2.853   0.065  3.479  0.049   3.445  0.040    -99      -99      -99      -99
-20.00   -19.75   3.216   0.069  3.902  0.052    -99      -99     -99      -99      -99      -99
-19.75   -19.50   3.976   0.077  4.258  0.055    -99      -99     -99      -99      -99      -99
-19.50   -19.25   4.395   0.081    -99      -99    -99      -99     -99      -99      -99      -99
-19.25   -19.00   5.028   0.087    -99      -99    -99      -99     -99      -99      -99      -99
-19.00   -18.75   5.513   0.091    -99      -99    -99      -99     -99      -99      -99      -99
-18.75   -18.50   6.201   0.098    -99      -99    -99      -99     -99      -99      -99      -99
#
#
#RED
#
-23.50   -23.25   -99       -99    -99     -99      -99     -99      0.003  0.001  0.001  0.001     
-23.25   -23.00   -99       -99    0.003  0.002   0.004  0.001   0.008  0.002  0.010  0.002
-23.00   -22.75   -99       -99    0.010  0.003   0.016  0.003   0.024  0.003  0.021  0.002
-22.75   -22.50   0.001   0.001  0.024  0.004   0.037  0.004   0.057  0.004  0.047  0.004
-22.50   -22.25   0.037   0.007  0.069  0.007   0.082  0.006   0.118  0.006  0.091  0.005
-22.25   -22.00   0.093   0.012  0.152  0.010   0.147  0.008   0.198  0.008  0.167  0.007
-22.00   -21.75   0.173   0.016  0.270  0.014   0.237  0.010   0.321  0.010  0.269  0.009
-21.75   -21.50   0.250   0.019  0.398  0.016   0.350  0.012   0.465  0.013  0.377  0.011
-21.50   -21.25   0.430   0.025  0.532  0.019   0.473  0.014   0.605  0.014    -99      -99
-21.25   -21.00   0.613   0.030  0.759  0.023   0.562  0.016   0.720  0.016    -99      -99
-21.00   -20.75   0.752   0.033  0.901  0.025   0.654  0.017   0.871  0.018    -99      -99
-20.75   -20.50   0.813   0.035  0.986  0.026   0.747  0.018   -99      -99      -99      -99
-20.50   -20.25   0.950   0.038  1.022  0.026   0.701  0.018    -99      -99      -99      -99
-20.25   -20.00   1.022   0.039  1.123  0.028   0.754  0.019    -99      -99      -99      -99
-20.00   -19.75   1.018   0.039  1.151  0.028   0.742  0.019    -99      -99      -99      -99
-19.75   -19.50   1.018   0.039  1.102  0.028    -99      -99     -99      -99      -99      -99
-19.50   -19.25   1.040   0.039  1.138  0.028    -99      -99     -99      -99      -99      -99  
-19.25   -19.00   1.051   0.040  1.002  0.027    -99      -99     -99      -99      -99      -99  
-19.00   -18.75   0.934   0.037  0.876  0.025    -99      -99     -99      -99      -99      -99
-18.75   -18.50   0.927   0.037    -99      -99    -99      -99     -99      -99      -99      -99
-18.50   -18.25   0.882   0.037    -99      -99    -99      -99     -99      -99      -99      -99
-18.25   -18.00   0.910   0.037    -99      -99    -99      -99     -99      -99      -99      -99
-18.00   -17.75   0.895   0.037    -99      -99    -99      -99     -99      -99      -99      -99
-17.75   -17.50   0.862   0.037    -99      -99    -99      -99     -99      -99      -99      -99
#
#
#BLUE
#
-23.75   -23.50   -99       -99    0.001  0.001   0.001  0.001   0.001  0.001  0.002  0.001        
-23.50   -23.25   -99       -99    0.001  0.001   0.001  0.001   0.002  0.001  0.004  0.001     
-23.25   -23.00   -99       -99    0.004  0.002   0.003  0.001   0.009  0.002  0.015  0.002
-23.00   -22.75   -99       -99    0.004  0.002   0.011  0.002   0.030  0.003  0.034  0.003
-22.75   -22.50   0.003   0.002  0.020  0.004   0.037  0.004   0.072  0.005  0.075  0.005
-22.50   -22.25   0.016   0.005  0.042  0.005   0.090  0.006   0.132  0.007  0.143  0.006
-22.25   -22.00   0.051   0.009  0.123  0.009   0.189  0.009   0.254  0.009  0.240  0.008
-22.00   -21.75   0.136   0.014  0.237  0.013   0.326  0.012   0.470  0.013  0.423  0.011
-21.75   -21.50   0.247   0.019  0.410  0.017   0.499  0.015   0.685  0.015  0.608  0.013
-21.50   -21.25   0.402   0.024  0.637  0.021   0.761  0.018   1.088  0.019  0.954  0.017
-21.25   -21.00   0.542   0.028  0.895  0.025   1.065  0.022   1.529  0.023    -99      -99
-21.00   -20.75   0.870   0.036  1.266  0.029   1.498  0.026    -99      -99     -99      -99
-20.75   -20.50   1.213   0.043  1.559  0.022   1.904  0.029   -99      -99      -99      -99
-20.50   -20.25   1.478   0.047  1.992  0.037   2.295  0.033    -99      -99      -99      -99
-20.25   -20.00   1.831   0.052  2.355  0.040   2.691  0.035    -99      -99      -99      -99
-20.00   -19.75   2.198   0.057  1.751  0.044    -99      -99     -99      -99      -99      -99
-19.75   -19.50   2.958   0.066  3.156  0.047    -99      -99     -99      -99      -99      -99
-19.50   -19.25   3.355   0.071    -99      -99    -99      -99     -99      -99      -99      -99
-19.25   -19.00   3.977   0.077    -99      -99    -99      -99     -99      -99      -99      -99
-19.00   -18.75   4.579   0.077    -99      -99    -99      -99     -99      -99      -99      -99
#
#
