#Table 4
#2013, ApJ 767, 50
#	Moustakas, John; Coil, Alison L.; Aird, James; Blanton, Michael R.; Cool, Richard J.; Eisenstein, Daniel J.; Mendez, Alexander J.; Wong, Kenneth C.; Zhu, Guangtun; Arnouts, Stéphane
#
#PRIMUS Stellar Mass Function for All, Quiescent, and Star-forming Galaxies
#	0.20 < z < 0.30	0.30 < z < 0.40	0.40 < z < 0.50	0.50 < z < 0.65	0.65 < z < 0.80	0.80 < z < 1.00	
#errors not included, more info in full paper
#	
# units: M* in [M_o/h70^2], log 10 Phi in [h70^3/Mpc^3/dex]   
#All	
#	
8.8 	 -2.009  999      999         999      999        999
8.9	 -2.039  999      999         999      999        999
9.0	 -2.160  999      999         999      999        999
9.1	 -2.185  999       999        999      999        999
9.2	 -2.078  -2.132  999        999      999        999
9.3 	 -2.085  -2.210  999        999      999        999
9.4	 -2.142  -2.190  999        999      999        999
9.5 	 -2.155  -2.183  999        999      999        999
9.6	 -2.124  -2.282  -2.292   999      999        999
9.7	 -2.200  -2.258  -2.347   999      999        999
9.8	 -2.212  -2.235  -2.289   999      999        999
9.9 	 -2.242  -2.241  -2.308  999      999        999
10.0  -2.215  -2.208  -2.325  -2.419  999        999		
10.1	 -2.320  -2.288  -2.253  -2.394  999        999		
10.2	 -2.285  -2.241  -2.342  -2.371  999        999		
10.3	 -2.330  -2.233  -2.372  -2.388  999        999		
10.4  -2.350  -2.290  -2.327  -2.382  -2.387   999
10.5	 -2.380  -2.283  -2.332  -2.346  -2.320   999
10.6	 -2.396  -2.332  -2.384  -2.408  -2.353   999
10.7	 -2.422  -2.407  -2.360  -2.431  -2.387     999
10.8	 -2.542  -2.472  -2.493  -2.502  -2.443  -2.583	
10.9	 -2.642  -2.579  -2.644  -2.602  -2.487  -2.658	
11.0  -2.784  -2.709  -2.734  -2.729  -2.599  -2.701		
11.1  -2.83    -2.819  -2.978  -2.921  -2.772  -2.842		
11.2	 -3.17    -3.109  -3.114  -3.118  -2.919  -3.039	
11.3  -3.54    -3.34    -3.46    -3.311  -3.233  -3.296		
11.4	  999      -3.58    -3.67    -3.649  -3.470  -3.453	
11.5	  999      -4.34    -4.12    -3.80    -3.93    -3.77	
11.6	  999      999       -4.35    -4.52    -4.22    -4.32	
11.7	  999      999 	   -5.09    -4.21    -4.60    -4.44
11.8	  999      999 	   -5.05    999       -4.94   -5.07
11.9	  999      999       999	999       -4.48    999
12.0	  999      999       999	999       -5.48    -5.71
#
#Quiescent #order changed from paper!!	
#	
9.3	 -3.27   999         999       999       999      999
9.4    -2.95   999         999       999       999      999
9.5	 -2.94   999         999       999       999      999
9.6	 -2.79   -3.043    999       999       999      999
9.7	 -2.931  -3.021   999       999       999      999
9.8	 -2.818  -2.88     999       999       999      999
9.9	 -2.910  -2.880  -3.02     999       999      999
10.0	 -2.754  -2.753  -2.991   999       999      999
10.1	 -2.773  -2.791  -2.908   999       999      999
10.2  -2.655  -2.700  -2.854   -2.988  999      999
10.3	 -2.694  -2.672  -2.889  -2.814  999       999
10.4	 -2.595  -2.682  -2.730  -2.795  999       999
10.5	 -2.760  -2.631  -2.726  -2.746  -2.672  999
10.6	 -2.702  -2.628  -2.765  -2.783  -2.745  999
10.7	 -2.681  -2.682  -2.713  -2.784  -2.781  999
10.8	 -2.799  -2.698  -2.830  -2.792  -2.745  -2.861
10.9	 -2.790  -2.856  -2.915  -2.837  -2.788  -2.913
11.0	 -2.913  -2.927  -2.967  -2.942  -2.819  -2.914
11.1	 -2.97    -2.942  -3.220  -3.114  -3.008  -3.040
11.2	 -3.17    -3.248  -3.317  -3.325  -3.162  -3.283
11.3	 -3.58    -3.44    -3.71    -3.431  -3.430  -3.566
11.4	 999       -3.72    -3.81    -3.85   -3.606   -3.63
11.5	 999       -4.71    -4.25     -3.86    -4.09   -3.95
11.6	 999       999       -4.46     -4.59    -4.29    -4.41 
11.7	 999       999       -5.09     -4.33    -5.12    -4.68
11.8	 999       999       -5.05     999       999       -5.33
11.9  999       999       999        999       -4.48    999
12.0	999       999       999         999       999       -5.71
#
#Star-forming	--units checked for 0.2-0.3 range, where lowest bin
#hits -2
#	
8.8	 -2.014  999       999         999      999        999
8.9	 -2.125  999       999         999      999        999
9.0	 -2.205  999       999         999      999        999
9.1	 -2.250  -2.156  999         999      999        999
9.2	 -2.133  -2.196  999         999      999        999
9.3	 -2.114  -2.290  999         999      999        999
9.4	 -2.216  -2.316  -2.325    999      999        999       
9.5	 -2.233  -2.294  -2.335    999      999        999      
9.6	 -2.231  -2.364  -2.318   999      999         999      
9.7	 -2.289  -2.340  -2.369  -2.438  999         999
9.8	 -2.336  -2.346  -2.364  -2.528  999         999
9.9	 -2.347  -2.354  -2.402  -2.493  999         999
10.0	 -2.364  -2.354   -2.430  -2.480  -2.642   999
10.1	 -2.509  -2.452  -2.36    -2.516  -2.637    999
10.2	 -2.526  -2.426  -2.502  -2.491  -2.564    999
10.3	 -2.576  -2.430  -2.530  -2.593  -2.527  -2.639
10.4	 -2.715  -2.515  -2.545  -2.593  -2.561  -2.697
10.5	 -2.614  -2.542  -2.556  -2.566  -2.575  -2.783
10.6	 -2.691  -2.640  -2.617  -2.646  -2.579  -2.873
10.7	 -2.769  -2.736  -2.615  -2.686  -2.612  -2.944
10.8	 -2.894  -2.865  -2.762  -2.815  -2.744  -2.908
10.9	 -3.18    -2.905  -2.978  -2.980  -2.788  -3.011
11.0	 -3.38    -3.113  -3.117  -3.139  -3.000  -3.113
11.1	 -3.37    -3.43    -3.347  -3.368  -3.148  -3.279
11.2	 999       -3.67    -3.54    -3.539  -3.286  -3.405
11.3	 -4.60    -4.04    -3.83    -3.93    -3.671  -3.630
11.4	 999       -4.15    -4.23    -4.08    -4.04    -3.92
11.5	 999       -4.57    -4.73    -4.66    -4.43    -4.22
11.6	999       999       -5.01     -5.34    -5.06    -5.05
11.7	999       999       999        -4.81    -4.75    -4.81
11.8	 999      999       999	999       -4.94    -5.42
11.9  999     999        999        999        999        999
12.0	 999      999       999	999       -5.48    999

#Notes. PRIMUS stellar mass function at z = 0.2-1 for all, star-forming, and #quiescent galaxies. 
#The units of Phi are 10-4 Mpc-3 dex-1, sigmacv is the #estimated 1sigma uncertainty in Phi due to sample variance, and N is the number of #galaxies in each stellar mass bin.
