#Table 4
#2013, ApJ 767, 50
#	Moustakas, John; Coil, Alison L.; Aird, James; Blanton, Michael R.; Cool, Richard J.; Eisenstein, Daniel J.; Mendez, Alexander J.; Wong, Kenneth C.; Zhu, Guangtun; Arnouts, Stéphane
#
#PRIMUS Stellar Mass Function for All, Quiescent, and Star-forming Galaxies
#	0.20 < z < 0.30	0.30 < z < 0.40	0.40 < z < 0.50	0.50 < z <
#0.65	0.65 < z < 0.80	0.80 < z < 1.00	
##
#errors in minus direction
#	
# units: M* in [M_o/h70^2], log 10 Phi in [h70^3/Mpc^3/dex]   
#All	
#	
8.8 	 -0.048  999      999         999      999        999
8.9	 -0.050  999      999         999      999        999
9.0	 -0.041  999      999         999      999        999
9.1	 -0.045  999       999        999      999        999
9.2	 -0.057  -0.040  999        999      999        999
9.3 	 -0.054  -0.038  999        999      999        999
9.4	 -0.035  -0.068  999        999      999        999
9.5 	 -0.033  -0.049  999        999      999        999
9.6	 -0.033  -0.030  -0.063   999      999        999
9.7	 -0.034  -0.028  -0.029   999      999        999
9.8	 -0.031  -0.035  -0.028   999      999        999
9.9 	 -0.032  -0.027  -0.036  999      999        999
10.0  -0.035  -0.029  -0.027  -0.033  999        999		
10.1	 -0.034  -0.030  -0.073  -0.026  999        999		
10.2	 -0.033  -0.024  -0.028  -0.021  999        999		
10.3	 -0.035  -0.025  -0.025  -0.025  999        999		
10.4  -0.035  -0.025  -0.033  -0.020  -0.021   999
10.5	 -0.036  -0.025  -0.028  -0.019  -0.025   999
10.6	 -0.037  -0.027  -0.026  -0.019  -0.031   999
10.7	 -0.039  -0.029  -0.031  -0.019  -0.027     999
10.8	 -0.047  -0.032  -0.028  -0.020  -0.019  -0.026	
10.9	 -0.055  -0.039  -0.036  -0.023  -0.022  -0.022	
11.0  -0.075  -0.042  -0.036  -0.025  -0.031  -0.026		
11.1  -0.084  -0.047  -0.047  -0.031  -0.026  -0.026		
11.2	 -0.20    -0.065  -0.057  -0.039  -0.039  -0.032	
11.3  -0.20    -0.086  -0.083  -0.052  -0.041  -0.036		
11.4	  999      -0.10    -0.10    -0.071  -0.050  -0.068	
11.5	  999      -0.20    -0.20    -0.10    -0.097  -0.090	
11.6	  999      999       -0.20    -0.20    -0.10    -0.10	
11.7	  999      999 	   -0.40    -0.20    -0.20    -0.20
11.8	  999      999 	   -0.40    999       -0.40    -0.20
11.9	  999      999       999	999       -0.40    999
12.0	  999      999       999	999       -0.40    -0.40
#
#Quiescent #order changed from paper!!	
#	
9.3	 -0.10   999         999       999       999      999
9.4    -0.10   999         999       999       999      999
9.5	 -0.10   999         999       999       999      999
9.6	 -0.098  -0.083   999       999       999      999
9.7	 -0.074  -0.079   999       999       999      999
9.8	 -0.064  -0.10     999       999       999      999
9.9	 -0.067  -0.061  -0.10     999       999      999
10.0	 -0.062  -0.047  -0.065   999       999      999
10.1	 -0.058  -0.047  -0.054   999       999      999
10.2  -0.051  -0.041  -0.050  -0.047  999      999
10.3	 -0.054  -0.046  -0.047  -0.054  999       999
10.4	 -0.048  -0.039  -0.070  -0.032  999       999
10.5	 -0.057  -0.038  -0.050  -0.029  -0.049  999
10.6	 -0.053  -0.038  -0.038  -0.029  -0.037  999
10.7	 -0.053  -0.040  -0.056  -0.027  -0.029  999
10.8	 -0.060  -0.041  -0.041  -0.028  -0.026  -0.037
10.9	 -0.064  -0.057  -0.044  -0.032  -0.026  -0.029
11.0	 -0.081  -0.053  -0.047  -0.032  -0.045  -0.034
11.1	 -0.10    -0.055  -0.062  -0.038  -0.034 -0.035
11.2	 -0.20    -0.077  -0.073  -0.050  -0.055  -0.038
11.3	 -0.20    -0.092  -0.10    -0.061  -0.053  -0.045
11.4	 999       -0.10    -0.10    -0.088  -0.059   -0.092
11.5	 999       -0.40    -0.20     -0.10    -0.10    -0.10
11.6	 999       999       -0.20     -0.20    -0.20    -0.10
11.7	 999       999       -0.40     -0.20    -0.30    -0.20
11.8	 999       999       -0.40     999       999       -0.30
11.9  999       999       999        999       -0.40    999
12.0	999       999       999         999       999       -0.40
#
#Star-forming	--units checked for 0.2-0.3 range, where lowest bin
#hits -2
#	
8.8	 -0.049  999         999         999       999        999
8.9	 -0.040  999         999         999       999        999
9.0	 -0.040  999         999         999       999        999
9.1	 -0.041  -0.051    999         999       999        999
9.2	 -0.062  -0.030    999         999      999        999
9.3	 -0.056  -0.031    999         999      999        999
9.4	 -0.035  -0.037   -0.032     999       999        999       
9.5	 -0.034  -0.031   -0.032     999       999        999      
9.6	 -0.033  -0.031   -0.066     999        999         999      
9.7	 -0.038  -0.030   -0.030  -0.027    999         999
9.8	 -0.036  -0.029   -0.029  -0.025    999         999
9.9	 -0.036  -0.031   -0.030  -0.031    999         999
10.0	 -0.042  -0.035   -0.029  -0.036  -0.027   999
10.1	 -0.043  -0.039   -0.093  -0.022  -0.030    999
10.2	 -0.043  -0.030   -0.033  -0.024  -0.028    999
10.3	 -0.045  -0.030   -0.030  -0.023  -0.029  -0.058
10.4	 -0.051  -0.033   -0.029  -0.025  -0.024  -0.051
10.5	 -0.046  -0.034   -0.033  -0.026  -0.024  -0.040
10.6	 -0.053  -0.038   -0.035  -0.026  -0.045  -0.034
10.7	 -0.057  -0.041   -0.033  -0.026  -0.041  -0.031
10.8	 -0.073  -0.049   -0.037  -0.029  -0.027  -0.038
10.9	 -0.10    -0.052   -0.059  -0.033  -0.034  -0.033
11.0	 -0.20    -0.067   -0.054  -0.039  -0.038  -0.039
11.1	 -0.10    -0.090   -0.070  -0.053  -0.041  -0.040
11.2	 999       -0.10     -0.093  -0.060  -0.052  -0.055
11.3	 -0.40    -0.20     -0.10    -0.100  -0.063  -0.056
11.4	 999       -0.20     -0.20    -0.10    -0.092  -0.087
11.5	 999       -0.30     -0.40    -0.20    -0.20    -0.10
11.6	999       999         -0.40     -0.40   -0.30    -0.20
11.7	999       999       999          -0.20   -0.30    -0.30
11.8	 999      999       999	   999     -0.40    -0.40
12.0	 999      999       999	   999     -0.40    999

#Notes. PRIMUS stellar mass function at z = 0.2-1 for all, star-forming, and #quiescent galaxies. 
#The units of Phi are 10-4 Mpc-3 dex-1, sigmacv is the #estimated 1sigma uncertainty in Phi due to sample variance, and N is the number of #galaxies in each stellar mass bin.
