#Table 4
#2013, ApJ 767, 50
#	Moustakas, John; Coil, Alison L.; Aird, James; Blanton, Michael R.; Cool, Richard J.; Eisenstein, Daniel J.; Mendez, Alexander J.; Wong, Kenneth C.; Zhu, Guangtun; Arnouts, Stéphane
#
#PRIMUS Stellar Mass Function for All, Quiescent, and Star forming Galaxies
#	0.20 < z < 0.30	0.30 < z < 0.40	0.40 < z < 0.50	0.50 < z <
#0.65	0.65 < z < 0.80	0.80 < z < 1.00
##	
#errors in positive direction
#	
# units: M* in [M_o/h70^2], log 10 Phi in [h70^3/Mpc^3/dex]   
#All	
#	
8.8 	  0.054  999      999         999      999        999
8.9	  0.056  999      999         999      999        999
9.0	  0.045  999      999         999      999        999
9.1	  0.050  999       999        999      999        999
9.2	  0.066   0.043  999        999      999        999
9.3 	  0.061   0.042  999        999      999        999
9.4	  0.038   0.079  999        999      999        999
9.5 	  0.036   0.055  999        999      999        999
9.6	  0.036   0.032   0.072   999      999        999
9.7	  0.037   0.030   0.031   999      999        999
9.8	  0.034   0.038   0.030   999      999        999
9.9 	  0.034   0.029   0.040    999      999        999
10.0   0.038   0.031   0.028   0.036  999        999		
10.1	  0.037   0.033   0.087   0.027  999        999		
10.2	  0.035   0.026   0.030   0.022  999        999		
10.3	  0.038   0.027   0.027   0.027  999        999		
10.4   0.038   0.027   0.036   0.021   0.022   999
10.5	  0.039   0.027   0.030   0.020   0.027   999
10.6	  0.041   0.028   0.028   0.020   0.033   999
10.7	  0.043   0.031   0.033   0.020   0.029     999
10.8	  0.052   0.034   0.029   0.021   0.020   0.028	
10.9	  0.063   0.042   0.039   0.025   0.023   0.023	
11.0   0.089   0.046   0.039   0.027   0.033   0.028		
11.1   0.10     0.052   0.052   0.033   0.028   0.028		
11.2	  0.40     0.076   0.066   0.042   0.042   0.035	
11.3   0.30     0.10     0.10     0.059   0.045   0.039		
11.4	  999      0.20     0.10     0.083   0.056   0.079	
11.5	  999      0.40     0.30     0.10     0.10    0.10	
11.6	  999      999      0.40     0.20     0.20     0.10	
11.7	  999      999 	  1.00     0.20     0.30     0.20
11.8	  999      999 	  1.00       999        1.00     0.40
11.9	  999      999       999	999        1.00    999
12.0	  999      999       999	999        1.00     1.00
#
#Quiescent #order changed from paper!!	
#	
9.3	  0.20   999         999       999       999      999
9.4     0.20   999         999       999       999      999
9.5	  0.10   999         999       999       999      999
9.6	  0.10     0.100   999       999       999      999
9.7	  0.088   0.095   999       999       999      999
9.8	  0.075   0.20     999       999       999      999
9.9	  0.079   0.070   0.20     999       999      999
10.0	  0.072   0.052   0.076   999       999      999
10.1	  0.066   0.053   0.061   999       999      999
10.2   0.057   0.046   0.056   0.052    999      999
10.3	  0.062   0.051   0.052   0.061    999       999
10.4	  0.054   0.043   0.083   0.035    999       999
10.5	  0.064   0.041   0.056   0.031   0.054  999
10.6	  0.060   0.041   0.041   0.031   0.040  999
10.7	  0.060   0.044   0.063   0.029   0.030  999
10.8	  0.069   0.046   0.045   0.030   0.028   0.040
10.9	  0.074   0.065   0.049   0.035   0.028   0.031
11.0	  0.098   0.060   0.053   0.035   0.049   0.037
11.1	  0.10     0.062   0.072   0.041   0.037  0.038
11.2	  0.40     0.092   0.086   0.057   0.063   0.042
11.3	  0.30     0.10     0.10     0.070   0.060   0.050
11.4	 999       0.20     0.20     0.10    0.068    0.10
11.5	 999       1.00     0.30      0.10     0.20     0.20
11.6	 999       999      0.40      0.30     0.20     0.10
11.7	 999       999      1.00      0.30     0.60     0.20
11.8	 999       999      1.00     999       999        0.60
11.9  999       999       999        999        1.00    999
12.0	999       999       999         999       999        1.00
#
#Star forming	  units checked for 0.2 0.3 range, where lowest bin
#hits  2
#	
8.8	  0.054  999         999         999       999        999
8.9	  0.043  999         999         999       999        999
9.0	  0.044  999         999         999       999        999
9.1	  0.045   0.057    999         999       999        999
9.2	  0.071   0.032    999         999      999        999
9.3	  0.064   0.034    999         999      999        999
9.4	  0.038   0.041    0.034     999       999        999       
9.5	  0.037   0.034    0.034     999       999        999      
9.6	  0.035   0.034    0.077     999        999         999      
9.7	  0.041   0.032    0.032   0.029    999         999
9.8	  0.039   0.030    0.032   0.027    999         999
9.9	  0.039   0.033    0.033   0.033    999         999
10.0	  0.046   0.038    0.031   0.039   0.029   999
10.1	  0.047   0.042    0.10     0.024   0.032    999
10.2	  0.047   0.032    0.036   0.025   0.030    999
10.3	  0.050   0.032    0.032   0.025   0.031   0.066
10.4	  0.058   0.035    0.032   0.026   0.025   0.057
10.5	  0.052   0.037    0.036   0.028   0.025   0.044
10.6	  0.059   0.041    0.038   0.028   0.050   0.036
10.7	  0.065   0.046    0.036   0.028   0.045   0.034
10.8	  0.087   0.055    0.041   0.031   0.029   0.041
10.9	  0.10     0.059    0.067   0.035   0.037   0.036
11.0	  0.20     0.078    0.061   0.043   0.042   0.043
11.1	  0.20     0.10      0.083   0.060   0.045   0.044
11.2	 999       0.20      0.10     0.069   0.059   0.063
11.3	  1.00     0.40      0.20     0.10   0.072   0.063
11.4	 999       0.40      0.40     0.20     0.10   0.10
11.5	 999       0.60      1.00     0.30     0.20     0.10
11.6	999       999        1.00     1.00     0.60     0.40
11.7	999       999       999       0.40      0.50     0.60
11.8	 999      999       999	999      1.00     1.00
12.0	 999      999       999	999      1.00    999

#Notes. PRIMUS stellar mass function at z = 0.2 1 for all, star forming, and #quiescent galaxies. 
#The units of Phi are 10 4 Mpc 3 dex 1, sigmacv is the #estimated 1sigma uncertainty in Phi due to sample variance, and N is the number of #galaxies in each stellar mass bin.
