#01        FSPS chabrier  Charlot Fall dust 
#copied by hand from Moustakas et al 2013
#http://arxiv.org/abs/1301.1688
#PRIMUS: Constraints on Star Formation Quenching and Galaxy Merging, and the 
#Evolution of the Stellar Mass Function From z=0-1
#table 4
# zlo zhi -placeholder- logm[M_o] -place- phi [log mpc^-3 dex-1] phierr_lo phierr_up blank 
#phierr_lo/hi-lower/upper 1-sigma Poisson uncertainty on PHI (dex) 
   0.01   0.20  999 9.00  1  -1.8990   0.0170   0.0170  0.000 
  0.01   0.20  999 9.10  1  -1.9230   0.0160   0.0170  0.000 
  0.01   0.20  999 9.20  1  -1.9700   0.0150   0.0150  0.000 
  0.01   0.20  999 9.30  1  -2.0310   0.0140   0.0150  0.000 
  0.01   0.20  999 9.40  1  -2.0550   0.0130   0.0140  0.000 
  0.01   0.20  999 9.50  1  -2.1060   0.0120   0.0120  0.000 
  0.01   0.20  999 9.60  1  -2.1440   0.0110   0.0120  0.000 
  0.01   0.20  999 9.70  1  -2.1790   0.0120   0.0120  0.000 
  0.01   0.20  999 9.80  1  -2.1880   0.0100   0.0100  0.000 
  0.01   0.20  999 9.90  1  -2.2160   0.0084   0.0086  0.000 
  0.01   0.20  999 10.00  1  -2.2340   0.0078   0.0080  0.000 
  0.01   0.20  999 10.10  1  -2.2350   0.0068   0.0069  0.000 
  0.01   0.20  999 10.20  1  -2.2620   0.0062   0.0063  0.000 
  0.01   0.20  999 10.30  1  -2.2520   0.0056   0.0056  0.000 
  0.01   0.20  999 10.40  1  -2.2850   0.0051   0.0051  0.000 
  0.01   0.20  999 10.50  1  -2.3170   0.0046   0.0047  0.000 
  0.01   0.20  999 10.60  1  -2.3650   0.0044   0.0044  0.000 
  0.01   0.20  999 10.70  1  -2.4190   0.0041   0.0041  0.000 
  0.01   0.20  999 10.80  1  -2.5040   0.0040   0.0040  0.000 
  0.01   0.20  999 10.90  1  -2.6070   0.0039   0.0039  0.000 
  0.01   0.20  999 11.00  1  -2.7280   0.0040   0.0040  0.000 
  0.01   0.20  999 11.10  1  -2.8880   0.0043   0.0043  0.000 
  0.01   0.20  999 11.20  1  -3.1040   0.0048   0.0049  0.000 
  0.01   0.20  999 11.30  1  -3.3320   0.0059   0.0059  0.000 
  0.01   0.20  999 11.40  1  -3.6060   0.0079   0.0080  0.000 
  0.01   0.20  999 11.50  1  -3.9530   0.0120   0.0120  0.000 
  0.01   0.20  999 11.60  1  -4.3630   0.0190   0.0200  0.000 
  0.01   0.20  999 11.70  1  -4.7780   0.0310   0.0330  0.000 
  0.01   0.20  999 11.80  1  -5.2550   0.0530   0.0600  0.000 
  0.01   0.20  999 11.90  1  -5.8700   0.0100   0.0100  0.000 
  0.01   0.20  999 12.00  1  -6.4900   0.0200   0.0300  0.000 
  0.20   0.30  999 8.80  1  -2.0090   0.0480   0.0540  0.000 
  0.20   0.30  999 8.90  1  -2.0390   0.0500   0.0560  0.000 
  0.20   0.30  999 9.00  1  -2.1600   0.0410   0.0450  0.000 
  0.20   0.30  999 9.10  1  -2.1850   0.0450   0.0500  0.000 
  0.20   0.30  999 9.20  1  -2.0780   0.0570   0.0660  0.000 
  0.20   0.30  999 9.30  1  -2.0850   0.0540   0.0610  0.000 
  0.20   0.30  999 9.40  1  -2.1420   0.0350   0.0380  0.000 
  0.20   0.30  999 9.50  1  -2.1550   0.0330   0.0360  0.000 
  0.20   0.30  999 9.60  1  -2.1240   0.0330   0.0360  0.000 
  0.20   0.30  999 9.70  1  -2.2000   0.0340   0.0370  0.000 
  0.20   0.30  999 9.80  1  -2.2120   0.0310   0.0340  0.000 
  0.20   0.30  999 9.90  1  -2.2420   0.0320   0.0340  0.000 
  0.20   0.30  999 10.00  1  -2.2150   0.0350   0.0380  0.000 
  0.20   0.30  999 10.10  1  -2.3200   0.0340   0.0370  0.000 
  0.20   0.30  999 10.20  1  -2.2850   0.0330   0.0350  0.000 
  0.20   0.30  999 10.30  1  -2.3300   0.0350   0.0380  0.000 
  0.20   0.30  999 10.40  1  -2.3500   0.0350   0.0380  0.000 
  0.20   0.30  999 10.50  1  -2.3800   0.0360   0.0390  0.000 
  0.20   0.30  999 10.60  1  -2.3960   0.0370   0.0410  0.000 
  0.20   0.30  999 10.70  1  -2.4220   0.0390   0.0430  0.000 
  0.20   0.30  999 10.80  1  -2.5420   0.0470   0.0520  0.000 
  0.20   0.30  999 10.90  1  -2.6420   0.0550   0.0630  0.000 
  0.20   0.30  999 11.00  1  -2.7840   0.0750   0.0890  0.000 
  0.20   0.30  999 11.10  1  -2.8300   0.0840   0.1000  0.000 
  0.20   0.30  999 11.20  1  -3.1700   0.2000   0.4000  0.000 
  0.20   0.30  999 11.30  1  -3.5400   0.2000   0.3000  0.000 
  0.30   0.40  999 9.20  1  -2.1320   0.0400   0.0430  0.000 
  0.30   0.40  999 9.30  1  -2.2100   0.0380   0.0420  0.000 
  0.30   0.40  999 9.40  1  -2.1900   0.0680   0.0790  0.000 
  0.30   0.40  999 9.50  1  -2.1830   0.0490   0.0550  0.000 
  0.30   0.40  999 9.60  1  -2.2820   0.0300   0.0320  0.000 
  0.30   0.40  999 9.70  1  -2.2580   0.0280   0.0300  0.000 
  0.30   0.40  999 9.80  1  -2.2350   0.0350   0.0380  0.000 
  0.30   0.40  999 9.90  1  -2.2410   0.0270   0.0290  0.000 
  0.30   0.40  999 10.00  1  -2.2080   0.0290   0.0310  0.000 
  0.30   0.40  999 10.10  1  -2.2880   0.0300   0.0330  0.000 
  0.30   0.40  999 10.20  1  -2.2410   0.0240   0.0260  0.000 
  0.30   0.40  999 10.30  1  -2.2330   0.0250   0.0270  0.000 
  0.30   0.40  999 10.40  1  -2.2900   0.0250   0.0270  0.000 
  0.30   0.40  999 10.50  1  -2.2830   0.0250   0.0270  0.000 
  0.30   0.40  999 10.60  1  -2.3320   0.0270   0.0280  0.000 
  0.30   0.40  999 10.70  1  -2.4070   0.0290   0.0310  0.000 
  0.30   0.40  999 10.80  1  -2.4720   0.0320   0.0340  0.000 
  0.30   0.40  999 10.90  1  -2.5790   0.0390   0.0420  0.000 
  0.30   0.40  999 11.00  1  -2.7090   0.0420   0.0460  0.000 
  0.30   0.40  999 11.10  1  -2.8190   0.0470   0.0520  0.000 
  0.30   0.40  999 11.20  1  -3.1090   0.0650   0.0760  0.000 
  0.30   0.40  999 11.30  1  -3.3400   0.0860   0.1000  0.000 
  0.30   0.40  999 11.40  1  -3.5800   0.1000   0.2000  0.000 
  0.30   0.40  999 11.50  1  -4.3400   0.2000   0.4000  0.000 
  0.40   0.50  999 9.60  1  -2.2920   0.0630   0.0720  0.000 
  0.40   0.50  999 9.70  1  -2.3470   0.0290   0.0310  0.000 
  0.40   0.50  999 9.80  1  -2.2890   0.0280   0.0300  0.000 
  0.40   0.50  999 9.90  1  -2.3080   0.0360   0.0400  0.000 
  0.40   0.50  999 10.00  1  -2.3250   0.0270   0.0280  0.000 
  0.40   0.50  999 10.10  1  -2.2530   0.0730   0.0870  0.000 
  0.40   0.50  999 10.20  1  -2.3420   0.0280   0.0300  0.000 
  0.40   0.50  999 10.30  1  -2.3720   0.0250   0.0270  0.000 
  0.40   0.50  999 10.40  1  -2.3270   0.0330   0.0360  0.000 
  0.40   0.50  999 10.50  1  -2.3320   0.0280   0.0300  0.000 
  0.40   0.50  999 10.60  1  -2.3840   0.0260   0.0280  0.000 
  0.40   0.50  999 10.70  1  -2.3600   0.0310   0.0330  0.000 
  0.40   0.50  999 10.80  1  -2.4930   0.0280   0.0290  0.000 
  0.40   0.50  999 10.90  1  -2.6440   0.0360   0.0390  0.000 
  0.40   0.50  999 11.00  1  -2.7340   0.0360   0.0390  0.000 
  0.40   0.50  999 11.10  1  -2.9780   0.0470   0.0520  0.000 
  0.40   0.50  999 11.20  1  -3.1140   0.0570   0.0660  0.000 
  0.40   0.50  999 11.30  1  -3.4600   0.0830   0.1000  0.000 
  0.40   0.50  999 11.40  1  -3.6700   0.1000   0.1000  0.000 
  0.40   0.50  999 11.50  1  -4.1200   0.2000   0.3000  0.000 
  0.40   0.50  999 11.60  1  -4.3500   0.2000   0.4000  0.000 
  0.40   0.50  999 11.70  1  -5.0900   0.4000   1.0000  0.000 
  0.40   0.50  999 11.80  1  -5.0500   0.4000   1.0000  0.000 
  0.50   0.65  999 10.00  1  -2.4190   0.0330   0.0360  0.000 
  0.50   0.65  999 10.10  1  -2.3940   0.0260   0.0270  0.000 
  0.50   0.65  999 10.20  1  -2.3710   0.0210   0.0220  0.000 
  0.50   0.65  999 10.30  1  -2.3880   0.0250   0.0270  0.000 
  0.50   0.65  999 10.40  1  -2.3820   0.0200   0.0210  0.000 
  0.50   0.65  999 10.50  1  -2.3460   0.0190   0.0200  0.000 
  0.50   0.65  999 10.60  1  -2.4080   0.0190   0.0200  0.000 
  0.50   0.65  999 10.70  1  -2.4310   0.0190   0.0200  0.000 
  0.50   0.65  999 10.80  1  -2.5020   0.0200   0.0210  0.000 
  0.50   0.65  999 10.90  1  -2.6020   0.0230   0.0250  0.000 
  0.50   0.65  999 11.00  1  -2.7290   0.0250   0.0270  0.000 
  0.50   0.65  999 11.10  1  -2.9210   0.0310   0.0330  0.000 
  0.50   0.65  999 11.20  1  -3.1180   0.0390   0.0420  0.000 
  0.50   0.65  999 11.30  1  -3.3110   0.0520   0.0590  0.000 
  0.50   0.65  999 11.40  1  -3.6490   0.0710   0.0830  0.000 
  0.50   0.65  999 11.50  1  -3.8000   0.1000   0.1000  0.000 
  0.50   0.65  999 11.60  1  -4.5200   0.2000   0.2000  0.000 
  0.50   0.65  999 11.70  1  -4.2100   0.2000   0.2000  0.000 
  0.65   0.80  999 10.40  1  -2.3870   0.0210   0.0220  0.000 
  0.65   0.80  999 10.50  1  -2.3200   0.0250   0.0270  0.000 
  0.65   0.80  999 10.60  1  -2.3530   0.0310   0.0330  0.000 
  0.65   0.80  999 10.70  1  -2.3870   0.0270   0.0290  0.000 
  0.65   0.80  999 10.80  1  -2.4430   0.0190   0.0200  0.000 
  0.65   0.80  999 10.90  1  -2.4870   0.0220   0.0230  0.000 
  0.65   0.80  999 11.00  1  -2.5990   0.0310   0.0330  0.000 
  0.65   0.80  999 11.10  1  -2.7720   0.0260   0.0280  0.000 
  0.65   0.80  999 11.20  1  -2.9190   0.0390   0.0420  0.000 
  0.65   0.80  999 11.30  1  -3.2330   0.0410   0.0450  0.000 
  0.65   0.80  999 11.40  1  -3.4700   0.0500   0.0560  0.000 
  0.65   0.80  999 11.50  1  -3.9300   0.0970   0.1000  0.000 
  0.65   0.80  999 11.60  1  -4.2200   0.1000   0.2000  0.000 
  0.65   0.80  999 11.70  1  -4.6000   0.2000   0.3000  0.000 
  0.65   0.80  999 11.80  1  -4.9400   0.4000   1.0000  0.000 
  0.65   0.80  999 11.90  1  -4.4800   0.4000   1.0000  0.000 
  0.65   0.80  999 12.00  1  -5.4800   0.4000   1.0000  0.000 
  0.80   1.00  999 10.80  1  -2.5830   0.0260   0.0280  0.000 
  0.80   1.00  999 10.90  1  -2.6580   0.0220   0.0230  0.000 
  0.80   1.00  999 11.00  1  -2.7010   0.0260   0.0280  0.000 
  0.80   1.00  999 11.10  1  -2.8420   0.0260   0.0280  0.000 
  0.80   1.00  999 11.20  1  -3.0390   0.0320   0.0350  0.000 
  0.80   1.00  999 11.30  1  -3.2960   0.0360   0.0390  0.000 
  0.80   1.00  999 11.40  1  -3.4530   0.0680   0.0790  0.000 
  0.80   1.00  999 11.50  1  -3.7700   0.0900   0.1000  0.000 
  0.80   1.00  999 11.60  1  -4.3200   0.1000   0.1000  0.000 
  0.80   1.00  999 11.70  1  -4.4400   0.2000   0.2000  0.000 
  0.80   1.00  999 11.80  1  -5.0700   0.2000   0.4000  0.000 
  0.80   1.00  999 12.00  1  -5.7100   0.4000   1.0000  0.000 
