#01        FSPS chabrier  Charlot Fall dust 
#copied by hand from Moustakas et al 2013
#http://arxiv.org/abs/1301.1688
#PRIMUS: Constraints on Star Formation Quenching and Galaxy Merging, and the 
#Evolution of the Stellar Mass Function From z=0-1
#table 4
# zlo zhi -placeholder- logm[M_o] -place- phi [log mpc^-3 dex-1] phierr_lo phierr_up blank 
#phierr_lo/hi-lower/upper 1-sigma Poisson uncertainty on PHI (dex) 
   0.01   0.20  999 9.00  1  -2.4950   0.0430   0.0480  0.000 
  0.01   0.20  999 9.10  1  -2.4860   0.0410   0.0440  0.000 
  0.01   0.20  999 9.20  1  -2.4850   0.0350   0.0380  0.000 
  0.01   0.20  999 9.30  1  -2.5230   0.0340   0.0370  0.000 
  0.01   0.20  999 9.40  1  -2.5760   0.0310   0.0330  0.000 
  0.01   0.20  999 9.50  1  -2.6030   0.0280   0.0300  0.000 
  0.01   0.20  999 9.60  1  -2.6340   0.0250   0.0260  0.000 
  0.01   0.20  999 9.70  1  -2.6420   0.0260   0.0280  0.000 
  0.01   0.20  999 9.80  1  -2.6520   0.0200   0.0210  0.000 
  0.01   0.20  999 9.90  1  -2.6550   0.0170   0.0180  0.000 
  0.01   0.20  999 10.00  1  -2.6490   0.0150   0.0150  0.000 
  0.01   0.20  999 10.10  1  -2.6140   0.0120   0.0130  0.000 
  0.01   0.20  999 10.20  1  -2.6070   0.0110   0.0110  0.000 
  0.01   0.20  999 10.30  1  -2.5640   0.0087   0.0089  0.000 
  0.01   0.20  999 10.40  1  -2.5640   0.0076   0.0077  0.000 
  0.01   0.20  999 10.50  1  -2.5800   0.0068   0.0069  0.000 
  0.01   0.20  999 10.60  1  -2.6050   0.0061   0.0062  0.000 
  0.01   0.20  999 10.70  1  -2.6450   0.0056   0.0057  0.000 
  0.01   0.20  999 10.80  1  -2.7050   0.0052   0.0053  0.000 
  0.01   0.20  999 10.90  1  -2.7860   0.0050   0.0050  0.000 
  0.01   0.20  999 11.00  1  -2.8840   0.0049   0.0049  0.000 
  0.01   0.20  999 11.10  1  -3.0190   0.0050   0.0050  0.000 
  0.01   0.20  999 11.20  1  -3.2090   0.0054   0.0055  0.000 
  0.01   0.20  999 11.30  1  -3.4130   0.0064   0.0065  0.000 
  0.01   0.20  999 11.40  1  -3.6670   0.0084   0.0085  0.000 
  0.01   0.20  999 11.50  1  -4.0020   0.0120   0.0130  0.000 
  0.01   0.20  999 11.60  1  -4.4010   0.0200   0.0210  0.000 
  0.01   0.20  999 11.70  1  -4.8060   0.0320   0.0340  0.000 
  0.01   0.20  999 11.80  1  -5.2960   0.0560   0.0630  0.000 
  0.01   0.20  999 11.90  1  -5.9300   0.1000   0.1000  0.000 
  0.01   0.20  999 12.00  1  -6.6100   0.2000   0.4000  0.000 
  0.20   0.30  999 9.30  1  -3.2700   0.1000   0.2000  0.000 
  0.20   0.30  999 9.40  1  -2.9500   0.1000   0.2000  0.000 
  0.20   0.30  999 9.50  1  -2.9400   0.1000   0.1000  0.000 
  0.20   0.30  999 9.60  1  -2.7900   0.0980   0.1000  0.000 
  0.20   0.30  999 9.70  1  -2.9310   0.0740   0.0880  0.000 
  0.20   0.30  999 9.80  1  -2.8180   0.0640   0.0750  0.000 
  0.20   0.30  999 9.90  1  -2.9100   0.0670   0.0790  0.000 
  0.20   0.30  999 10.00  1  -2.7540   0.0620   0.0720  0.000 
  0.20   0.30  999 10.10  1  -2.7730   0.0580   0.0660  0.000 
  0.20   0.30  999 10.20  1  -2.6550   0.0510   0.0570  0.000 
  0.20   0.30  999 10.30  1  -2.6940   0.0540   0.0620  0.000 
  0.20   0.30  999 10.40  1  -2.5950   0.0480   0.0540  0.000 
  0.20   0.30  999 10.50  1  -2.7600   0.0570   0.0640  0.000 
  0.20   0.30  999 10.60  1  -2.7020   0.0530   0.0600  0.000 
  0.20   0.30  999 10.70  1  -2.6810   0.0530   0.0600  0.000 
  0.20   0.30  999 10.80  1  -2.7990   0.0600   0.0690  0.000 
  0.20   0.30  999 10.90  1  -2.7900   0.0640   0.0740  0.000 
  0.20   0.30  999 11.00  1  -2.9130   0.0810   0.0980  0.000 
  0.20   0.30  999 11.10  1  -2.9700   0.1000   0.1000  0.000 
  0.20   0.30  999 11.20  1  -3.1700   0.2000   0.4000  0.000 
  0.20   0.30  999 11.30  1  -3.5800   0.2000   0.3000  0.000 
  0.30   0.40  999 9.60  1  -3.0430   0.0830   0.1000  0.000 
  0.30   0.40  999 9.70  1  -3.0210   0.0790   0.0950  0.000 
  0.30   0.40  999 9.80  1  -2.8800   0.1000   0.2000  0.000 
  0.30   0.40  999 9.90  1  -2.8800   0.0610   0.0700  0.000 
  0.30   0.40  999 10.00  1  -2.7530   0.0470   0.0520  0.000 
  0.30   0.40  999 10.10  1  -2.7910   0.0470   0.0530  0.000 
  0.30   0.40  999 10.20  1  -2.7000   0.0410   0.0460  0.000 
  0.30   0.40  999 10.30  1  -2.6720   0.0460   0.0510  0.000 
  0.30   0.40  999 10.40  1  -2.6820   0.0390   0.0430  0.000 
  0.30   0.40  999 10.50  1  -2.6310   0.0380   0.0410  0.000 
  0.30   0.40  999 10.60  1  -2.6280   0.0380   0.0410  0.000 
  0.30   0.40  999 10.70  1  -2.6820   0.0400   0.0440  0.000 
  0.30   0.40  999 10.80  1  -2.6980   0.0410   0.0460  0.000 
  0.30   0.40  999 10.90  1  -2.8560   0.0570   0.0650  0.000 
  0.30   0.40  999 11.00  1  -2.9270   0.0530   0.0600  0.000 
  0.30   0.40  999 11.10  1  -2.9420   0.0550   0.0620  0.000 
  0.30   0.40  999 11.20  1  -3.2480   0.0770   0.0920  0.000 
  0.30   0.40  999 11.30  1  -3.4400   0.0920   0.1000  0.000 
  0.30   0.40  999 11.40  1  -3.7200   0.1000   0.2000  0.000 
  0.30   0.40  999 11.50  1  -4.7100   0.4000   1.0000  0.000 
  0.40   0.50  999 9.90  1  -3.0200   0.1000   0.2000  0.000 
  0.40   0.50  999 10.00  1  -2.9910   0.0650   0.0760  0.000 
  0.40   0.50  999 10.10  1  -2.9080   0.0540   0.0610  0.000 
  0.40   0.50  999 10.20  1  -2.8540   0.0500   0.0560  0.000 
  0.40   0.50  999 10.30  1  -2.8890   0.0470   0.0520  0.000 
  0.40   0.50  999 10.40  1  -2.7300   0.0700   0.0830  0.000 
  0.40   0.50  999 10.50  1  -2.7260   0.0500   0.0560  0.000 
  0.40   0.50  999 10.60  1  -2.7650   0.0380   0.0410  0.000 
  0.40   0.50  999 10.70  1  -2.7130   0.0560   0.0630  0.000 
  0.40   0.50  999 10.80  1  -2.8300   0.0410   0.0450  0.000 
  0.40   0.50  999 10.90  1  -2.9150   0.0440   0.0490  0.000 
  0.40   0.50  999 11.00  1  -2.9670   0.0470   0.0530  0.000 
  0.40   0.50  999 11.10  1  -3.2200   0.0620   0.0720  0.000 
  0.40   0.50  999 11.20  1  -3.3170   0.0730   0.0860  0.000 
  0.40   0.50  999 11.30  1  -3.7100   0.1000   0.1000  0.000 
  0.40   0.50  999 11.40  1  -3.8100   0.1000   0.2000  0.000 
  0.40   0.50  999 11.50  1  -4.2500   0.2000   0.3000  0.000 
  0.40   0.50  999 11.60  1  -4.4600   0.2000   0.4000  0.000 
  0.40   0.50  999 11.70  1  -5.0900   0.4000   1.0000  0.000 
  0.40   0.50  999 11.80  1  -5.0500   0.4000   1.0000  0.000 
  0.50   0.65  999 10.20  1  -2.9880   0.0470   0.0520  0.000 
  0.50   0.65  999 10.30  1  -2.8140   0.0540   0.0610  0.000 
  0.50   0.65  999 10.40  1  -2.7950   0.0320   0.0350  0.000 
  0.50   0.65  999 10.50  1  -2.7460   0.0290   0.0310  0.000 
  0.50   0.65  999 10.60  1  -2.7830   0.0290   0.0310  0.000 
  0.50   0.65  999 10.70  1  -2.7840   0.0270   0.0290  0.000 
  0.50   0.65  999 10.80  1  -2.7920   0.0280   0.0300  0.000 
  0.50   0.65  999 10.90  1  -2.8370   0.0320   0.0350  0.000 
  0.50   0.65  999 11.00  1  -2.9420   0.0320   0.0350  0.000 
  0.50   0.65  999 11.10  1  -3.1140   0.0380   0.0410  0.000 
  0.50   0.65  999 11.20  1  -3.3250   0.0500   0.0570  0.000 
  0.50   0.65  999 11.30  1  -3.4310   0.0610   0.0700  0.000 
  0.50   0.65  999 11.40  1  -3.8500   0.0880   0.1000  0.000 
  0.50   0.65  999 11.50  1  -3.8600   0.1000   0.1000  0.000 
  0.50   0.65  999 11.60  1  -4.5900   0.2000   0.3000  0.000 
  0.50   0.65  999 11.70  1  -4.3300   0.2000   0.3000  0.000 
  0.65   0.80  999 10.50  1  -2.6720   0.0490   0.0540  0.000 
  0.65   0.80  999 10.60  1  -2.7450   0.0370   0.0400  0.000 
  0.65   0.80  999 10.70  1  -2.7810   0.0290   0.0300  0.000 
  0.65   0.80  999 10.80  1  -2.7450   0.0260   0.0280  0.000 
  0.65   0.80  999 10.90  1  -2.7880   0.0260   0.0280  0.000 
  0.65   0.80  999 11.00  1  -2.8190   0.0450   0.0490  0.000 
  0.65   0.80  999 11.10  1  -3.0080   0.0340   0.0370  0.000 
  0.65   0.80  999 11.20  1  -3.1620   0.0550   0.0630  0.000 
  0.65   0.80  999 11.30  1  -3.4300   0.0530   0.0600  0.000 
  0.65   0.80  999 11.40  1  -3.6060   0.0590   0.0680  0.000 
  0.65   0.80  999 11.50  1  -4.0900   0.1000   0.2000  0.000 
  0.65   0.80  999 11.60  1  -4.2900   0.2000   0.2000  0.000 
  0.65   0.80  999 11.70  1  -5.1200   0.3000   0.6000  0.000 
  0.65   0.80  999 11.90  1  -4.4800   0.4000   1.0000  0.000 
  0.80   1.00  999 10.80  1  -2.8610   0.0370   0.0400  0.000 
  0.80   1.00  999 10.90  1  -2.9130   0.0290   0.0310  0.000 
  0.80   1.00  999 11.00  1  -2.9140   0.0340   0.0370  0.000 
  0.80   1.00  999 11.10  1  -3.0400   0.0350   0.0380  0.000 
  0.80   1.00  999 11.20  1  -3.2830   0.0380   0.0420  0.000 
  0.80   1.00  999 11.30  1  -3.5660   0.0450   0.0500  0.000 
  0.80   1.00  999 11.40  1  -3.6300   0.0920   0.1000  0.000 
  0.80   1.00  999 11.50  1  -3.9500   0.1000   0.2000  0.000 
  0.80   1.00  999 11.60  1  -4.4100   0.1000   0.1000  0.000 
  0.80   1.00  999 11.70  1  -4.6800   0.2000   0.2000  0.000 
  0.80   1.00  999 11.80  1  -5.3300   0.3000   0.6000  0.000 
  0.80   1.00  999 12.00  1  -5.7100   0.4000   1.0000  0.000 
