#bc03  
#bc03  
###    convert Tom_14_table1.txt etc files into supergrid form
#Galaxy Stellar Mass Functions from ZFOURGE/CANDELS: 
#An Excess of Low-Mass Galaxies Since z=2 and the Rapid Buildup of Quiescent Galaxies
#http://arxiv.org/abs/1309.5972
##   h100=0.70, omega0=0.30, omegaL=0.70
##   Chabrier (2003) IMF, 1 Msun, Av between [0,4]
## 
# 1 zlo - lower redshift bound
# 2 zhi - upper redshift bound
# 3 ngal in primus, here just placehold- number of galaxies in bin
# 4 mass - center of stellar mass bin [log Msun]
# 5 limit - 1=above 95% M/L completeness limit-here just placeholder
# 6 phi - number density (log Mpc^-3 dex^-1)
# 7 phierr_lo - lower 1-sigma Poisson uncertainty on PHI (dex)
# 8 phierr_up - upper 1-sigma Poisson uncertainty on PHI (dex)
# zlo zhi -placeholder- logm[M_o] -place- phi [log mpc^-3 dex-1] phierr_lo phierr_up blank 
#phierr_lo/hi-lower/upper 1-sigma Poisson uncertainty on PHI (dex) 
   0.20   0.50  999 8.00  1  -1.4200   0.0700   0.0600  0.000 
  0.20   0.50  999 8.25  1  -1.5900   0.0700   0.0600  0.000 
  0.20   0.50  999 8.50  1  -1.7600   0.0800   0.0700  0.000 
  0.20   0.50  999 8.75  1  -1.9100   0.0800   0.0700  0.000 
  0.20   0.50  999 9.00  1  -2.0800   0.0900   0.0800  0.000 
  0.20   0.50  999 9.25  1  -2.0600   0.0800   0.0700  0.000 
  0.20   0.50  999 9.50  1  -2.1700   0.0900   0.0700  0.000 
  0.20   0.50  999 9.75  1  -2.2500   0.1000   0.0800  0.000 
  0.20   0.50  999 10.00  1  -2.3600   0.1000   0.0800  0.000 
  0.20   0.50  999 10.25  1  -2.5000   0.0900   0.0800  0.000 
  0.20   0.50  999 10.50  1  -2.6300   0.1100   0.0900  0.000 
  0.20   0.50  999 10.75  1  -2.9100   0.1200   0.1000  0.000 
  0.20   0.50  999 11.00  1  -3.4300   0.1800   0.1300  0.000 
  0.20   0.50  999 11.25  1  -4.3900   0.4100   0.3000  0.000 
  0.50   0.75  999 8.25  1  -1.6000   0.0700   0.0600  0.000 
  0.50   0.75  999 8.50  1  -1.6700   0.0600   0.0500  0.000 
  0.50   0.75  999 8.75  1  -1.8300   0.0600   0.0600  0.000 
  0.50   0.75  999 9.00  1  -1.9200   0.0700   0.0600  0.000 
  0.50   0.75  999 9.25  1  -2.0900   0.0700   0.0600  0.000 
  0.50   0.75  999 9.50  1  -2.1900   0.0800   0.0700  0.000 
  0.50   0.75  999 9.75  1  -2.2800   0.0700   0.0600  0.000 
  0.50   0.75  999 10.00  1  -2.3900   0.0800   0.0700  0.000 
  0.50   0.75  999 10.25  1  -2.5500   0.0800   0.0700  0.000 
  0.50   0.75  999 10.50  1  -2.7600   0.0900   0.0800  0.000 
  0.50   0.75  999 10.75  1  -3.0000   0.1000   0.0800  0.000 
  0.50   0.75  999 11.00  1  -3.4600   0.1300   0.1000  0.000 
  0.50   0.75  999 11.25  1  -4.3000   0.2500   0.2000  0.000 
  0.75   1.00  999 8.50  1  -1.7200   0.0600   0.0500  0.000 
  0.75   1.00  999 8.75  1  -1.8800   0.0600   0.0500  0.000 
  0.75   1.00  999 9.00  1  -2.0400   0.0600   0.0600  0.000 
  0.75   1.00  999 9.25  1  -2.1400   0.0700   0.0600  0.000 
  0.75   1.00  999 9.50  1  -2.2700   0.0700   0.0600  0.000 
  0.75   1.00  999 9.75  1  -2.4700   0.0800   0.0700  0.000 
  0.75   1.00  999 10.00  1  -2.5500   0.0900   0.0800  0.000 
  0.75   1.00  999 10.25  1  -2.6000   0.0900   0.0700  0.000 
  0.75   1.00  999 10.50  1  -2.7700   0.0900   0.0800  0.000 
  0.75   1.00  999 10.75  1  -2.9100   0.1100   0.0900  0.000 
  0.75   1.00  999 11.00  1  -3.3700   0.1300   0.1000  0.000 
  0.75   1.00  999 11.25  1  -4.1700   0.2000   0.1600  0.000 
  1.00   1.25  999 8.75  1  -2.0000   0.0600   0.0600  0.000 
  1.00   1.25  999 9.00  1  -2.1600   0.0700   0.0600  0.000 
  1.00   1.25  999 9.25  1  -2.2600   0.0700   0.0600  0.000 
  1.00   1.25  999 9.50  1  -2.3200   0.0700   0.0600  0.000 
  1.00   1.25  999 9.75  1  -2.5200   0.0800   0.0700  0.000 
  1.00   1.25  999 10.00  1  -2.6800   0.0900   0.0800  0.000 
  1.00   1.25  999 10.25  1  -2.8800   0.1000   0.0900  0.000 
  1.00   1.25  999 10.50  1  -2.8100   0.0900   0.0700  0.000 
  1.00   1.25  999 10.75  1  -2.9900   0.1000   0.0800  0.000 
  1.00   1.25  999 11.00  1  -3.2900   0.1300   0.1000  0.000 
  1.00   1.25  999 11.25  1  -4.2100   0.2000   0.1500  0.000 
  1.25   1.50  999 8.75  1  -2.0300   0.0700   0.0600  0.000 
  1.25   1.50  999 9.00  1  -2.1500   0.0700   0.0600  0.000 
  1.25   1.50  999 9.25  1  -2.2900   0.0700   0.0600  0.000 
  1.25   1.50  999 9.50  1  -2.4800   0.0800   0.0700  0.000 
  1.25   1.50  999 9.75  1  -2.5500   0.0800   0.0700  0.000 
  1.25   1.50  999 10.00  1  -2.6800   0.0900   0.0800  0.000 
  1.25   1.50  999 10.25  1  -2.7500   0.1000   0.0800  0.000 
  1.25   1.50  999 10.50  1  -2.8700   0.0900   0.0800  0.000 
  1.25   1.50  999 10.75  1  -3.0700   0.1000   0.0800  0.000 
  1.25   1.50  999 11.00  1  -3.3900   0.1300   0.1000  0.000 
  1.25   1.50  999 11.25  1  -3.9500   0.1700   0.1300  0.000 
  1.25   1.50  999 11.50  1  -5.1700   0.5200   0.3700  0.000 
  1.50   2.00  999 9.00  1  -2.2000   0.0600   0.0500  0.000 
  1.50   2.00  999 9.25  1  -2.3200   0.0600   0.0500  0.000 
  1.50   2.00  999 9.50  1  -2.4200   0.0600   0.0500  0.000 
  1.50   2.00  999 9.75  1  -2.5600   0.0600   0.0600  0.000 
  1.50   2.00  999 10.00  1  -2.7300   0.0700   0.0600  0.000 
  1.50   2.00  999 10.25  1  -2.8900   0.0700   0.0700  0.000 
  1.50   2.00  999 10.50  1  -3.0700   0.0900   0.0700  0.000 
  1.50   2.00  999 10.75  1  -3.2600   0.1000   0.0900  0.000 
  1.50   2.00  999 11.00  1  -3.3500   0.1100   0.0900  0.000 
  1.50   2.00  999 11.25  1  -3.8500   0.1300   0.1000  0.000 
  1.50   2.00  999 11.50  1  -4.7800   0.2100   0.2700  0.000 
  2.00   2.50  999 9.25  1  -2.5300   0.0700   0.0600  0.000 
  2.00   2.50  999 9.50  1  -2.5100   0.0700   0.0600  0.000 
  2.00   2.50  999 9.75  1  -2.6700   0.0700   0.0600  0.000 
  2.00   2.50  999 10.00  1  -2.7800   0.0800   0.0700  0.000 
  2.00   2.50  999 10.25  1  -3.0000   0.0900   0.0800  0.000 
  2.00   2.50  999 10.50  1  -3.2600   0.1100   0.0900  0.000 
  2.00   2.50  999 10.75  1  -3.5400   0.1400   0.1100  0.000 
  2.00   2.50  999 11.00  1  -3.6900   0.1700   0.1300  0.000 
  2.00   2.50  999 11.25  1  -4.0000   0.1700   0.1300  0.000 
  2.00   2.50  999 11.50  1  -4.5900   0.2100   0.1500  0.000 
  2.50   3.00  999 9.50  1  -2.6600   0.0700   0.0600  0.000 
  2.50   3.00  999 9.75  1  -2.7900   0.0800   0.0700  0.000 
  2.50   3.00  999 10.00  1  -3.0600   0.0900   0.0800  0.000 
  2.50   3.00  999 10.25  1  -3.3200   0.1100   0.0900  0.000 
  2.50   3.00  999 10.50  1  -3.5900   0.1400   0.1100  0.000 
  2.50   3.00  999 10.75  1  -3.9700   0.2000   0.1600  0.000 
  2.50   3.00  999 11.00  1  -4.1600   0.2800   0.2000  0.000 
  2.50   3.00  999 11.25  1  -4.3200   0.2900   0.1800  0.000 
  2.50   3.00  999 11.50  1  -4.9400   2.0000   0.3200  0.000 
