#01        FSPS chabrier  Charlot Fall dust 
#copied by hand from Moustakas et al 2013
#http://arxiv.org/abs/1301.1688
#PRIMUS: Constraints on Star Formation Quenching and Galaxy Merging, and the 
#Evolution of the Stellar Mass Function From z=0-1
#table 4
# zlo zhi -placeholder- logm[M_o] -place- phi [log mpc^-3 dex-1] phierr_lo phierr_up blank 
#phierr_lo/hi-lower/upper 1-sigma Poisson uncertainty on PHI (dex) 
   0.01   0.20  999 9.00  1  -2.0260   0.0170   0.0180  0.000 
  0.01   0.20  999 9.10  1  -2.0620   0.0160   0.0170  0.000 
  0.01   0.20  999 9.20  1  -2.1290   0.0150   0.0150  0.000 
  0.01   0.20  999 9.30  1  -2.2010   0.0140   0.0140  0.000 
  0.01   0.20  999 9.40  1  -2.2110   0.0130   0.0140  0.000 
  0.01   0.20  999 9.50  1  -2.2720   0.0120   0.0120  0.000 
  0.01   0.20  999 9.60  1  -2.3130   0.0120   0.0120  0.000 
  0.01   0.20  999 9.70  1  -2.3620   0.0110   0.0110  0.000 
  0.01   0.20  999 9.80  1  -2.3710   0.0110   0.0110  0.000 
  0.01   0.20  999 9.90  1  -2.4120   0.0090   0.0092  0.000 
  0.01   0.20  999 10.00  1  -2.4450   0.0088   0.0090  0.000 
  0.01   0.20  999 10.10  1  -2.4700   0.0078   0.0079  0.000 
  0.01   0.20  999 10.20  1  -2.5240   0.0072   0.0074  0.000 
  0.01   0.20  999 10.30  1  -2.5410   0.0070   0.0071  0.000 
  0.01   0.20  999 10.40  1  -2.6090   0.0065   0.0066  0.000 
  0.01   0.20  999 10.50  1  -2.6600   0.0062   0.0063  0.000 
  0.01   0.20  999 10.60  1  -2.7370   0.0061   0.0062  0.000 
  0.01   0.20  999 10.70  1  -2.8110   0.0059   0.0059  0.000 
  0.01   0.20  999 10.80  1  -2.9340   0.0060   0.0061  0.000 
  0.01   0.20  999 10.90  1  -3.0770   0.0063   0.0064  0.000 
  0.01   0.20  999 11.00  1  -3.2500   0.0070   0.0071  0.000 
  0.01   0.20  999 11.10  1  -3.4720   0.0084   0.0085  0.000 
  0.01   0.20  999 11.20  1  -3.7690   0.0100   0.0110  0.000 
  0.01   0.20  999 11.30  1  -4.1020   0.0150   0.0160  0.000 
  0.01   0.20  999 11.40  1  -4.4870   0.0230   0.0240  0.000 
  0.01   0.20  999 11.50  1  -4.9300   0.0380   0.0420  0.000 
  0.01   0.20  999 11.60  1  -5.4370   0.0670   0.0790  0.000 
  0.01   0.20  999 11.70  1  -5.9800   0.1000   0.2000  0.000 
  0.01   0.20  999 11.80  1  -6.3000   0.2000   0.3000  0.000 
  0.01   0.20  999 11.90  1  -6.7700   0.3000   0.6000  0.000 
  0.01   0.20  999 12.00  1  -7.0900   0.4000   1.0000  0.000 
  0.20   0.30  999 8.80  1  -2.0140   0.0490   0.0540  0.000 
  0.20   0.30  999 8.90  1  -2.1250   0.0400   0.0430  0.000 
  0.20   0.30  999 9.00  1  -2.2050   0.0400   0.0440  0.000 
  0.20   0.30  999 9.10  1  -2.2500   0.0410   0.0450  0.000 
  0.20   0.30  999 9.20  1  -2.1330   0.0620   0.0710  0.000 
  0.20   0.30  999 9.30  1  -2.1140   0.0560   0.0640  0.000 
  0.20   0.30  999 9.40  1  -2.2160   0.0350   0.0380  0.000 
  0.20   0.30  999 9.50  1  -2.2330   0.0340   0.0370  0.000 
  0.20   0.30  999 9.60  1  -2.2310   0.0330   0.0350  0.000 
  0.20   0.30  999 9.70  1  -2.2890   0.0380   0.0410  0.000 
  0.20   0.30  999 9.80  1  -2.3360   0.0360   0.0390  0.000 
  0.20   0.30  999 9.90  1  -2.3470   0.0360   0.0390  0.000 
  0.20   0.30  999 10.00  1  -2.3640   0.0420   0.0460  0.000 
  0.20   0.30  999 10.10  1  -2.5090   0.0430   0.0470  0.000 
  0.20   0.30  999 10.20  1  -2.5260   0.0430   0.0470  0.000 
  0.20   0.30  999 10.30  1  -2.5760   0.0450   0.0500  0.000 
  0.20   0.30  999 10.40  1  -2.7150   0.0510   0.0580  0.000 
  0.20   0.30  999 10.50  1  -2.6140   0.0460   0.0520  0.000 
  0.20   0.30  999 10.60  1  -2.6910   0.0530   0.0590  0.000 
  0.20   0.30  999 10.70  1  -2.7690   0.0570   0.0650  0.000 
  0.20   0.30  999 10.80  1  -2.8940   0.0730   0.0870  0.000 
  0.20   0.30  999 10.90  1  -3.1800   0.1000   0.1000  0.000 
  0.20   0.30  999 11.00  1  -3.3800   0.2000   0.2000  0.000 
  0.20   0.30  999 11.10  1  -3.3700   0.1000   0.2000  0.000 
  0.20   0.30  999 11.30  1  -4.6000   0.4000   1.0000  0.000 
  0.30   0.40  999 9.10  1  -2.1560   0.0510   0.0570  0.000 
  0.30   0.40  999 9.20  1  -2.1960   0.0300   0.0320  0.000 
  0.30   0.40  999 9.30  1  -2.2900   0.0310   0.0340  0.000 
  0.30   0.40  999 9.40  1  -2.3160   0.0370   0.0410  0.000 
  0.30   0.40  999 9.50  1  -2.2940   0.0310   0.0340  0.000 
  0.30   0.40  999 9.60  1  -2.3640   0.0310   0.0340  0.000 
  0.30   0.40  999 9.70  1  -2.3400   0.0300   0.0320  0.000 
  0.30   0.40  999 9.80  1  -2.3460   0.0290   0.0300  0.000 
  0.30   0.40  999 9.90  1  -2.3540   0.0310   0.0330  0.000 
  0.30   0.40  999 10.00  1  -2.3540   0.0350   0.0380  0.000 
  0.30   0.40  999 10.10  1  -2.4520   0.0390   0.0420  0.000 
  0.30   0.40  999 10.20  1  -2.4260   0.0300   0.0320  0.000 
  0.30   0.40  999 10.30  1  -2.4300   0.0300   0.0320  0.000 
  0.30   0.40  999 10.40  1  -2.5150   0.0330   0.0350  0.000 
  0.30   0.40  999 10.50  1  -2.5420   0.0340   0.0370  0.000 
  0.30   0.40  999 10.60  1  -2.6400   0.0380   0.0410  0.000 
  0.30   0.40  999 10.70  1  -2.7360   0.0410   0.0460  0.000 
  0.30   0.40  999 10.80  1  -2.8650   0.0490   0.0550  0.000 
  0.30   0.40  999 10.90  1  -2.9050   0.0520   0.0590  0.000 
  0.30   0.40  999 11.00  1  -3.1130   0.0670   0.0780  0.000 
  0.30   0.40  999 11.10  1  -3.4300   0.0900   0.1000  0.000 
  0.30   0.40  999 11.20  1  -3.6700   0.1000   0.2000  0.000 
  0.30   0.40  999 11.30  1  -4.0400   0.2000   0.4000  0.000 
  0.30   0.40  999 11.40  1  -4.1500   0.2000   0.4000  0.000 
  0.30   0.40  999 11.50  1  -4.5700   0.3000   0.6000  0.000 
  0.40   0.50  999 9.40  1  -2.3250   0.0320   0.0340  0.000 
  0.40   0.50  999 9.50  1  -2.3350   0.0320   0.0340  0.000 
  0.40   0.50  999 9.60  1  -2.3180   0.0660   0.0770  0.000 
  0.40   0.50  999 9.70  1  -2.3690   0.0300   0.0320  0.000 
  0.40   0.50  999 9.80  1  -2.3640   0.0290   0.0320  0.000 
  0.40   0.50  999 9.90  1  -2.4020   0.0300   0.0330  0.000 
  0.40   0.50  999 10.00  1  -2.4300   0.0290   0.0310  0.000 
  0.40   0.50  999 10.10  1  -2.3600   0.0930   0.1000  0.000 
  0.40   0.50  999 10.20  1  -2.5020   0.0330   0.0360  0.000 
  0.40   0.50  999 10.30  1  -2.5300   0.0300   0.0320  0.000 
  0.40   0.50  999 10.40  1  -2.5450   0.0290   0.0320  0.000 
  0.40   0.50  999 10.50  1  -2.5560   0.0330   0.0360  0.000 
  0.40   0.50  999 10.60  1  -2.6170   0.0350   0.0380  0.000 
  0.40   0.50  999 10.70  1  -2.6150   0.0330   0.0360  0.000 
  0.40   0.50  999 10.80  1  -2.7620   0.0370   0.0410  0.000 
  0.40   0.50  999 10.90  1  -2.9780   0.0590   0.0670  0.000 
  0.40   0.50  999 11.00  1  -3.1170   0.0540   0.0610  0.000 
  0.40   0.50  999 11.10  1  -3.3470   0.0700   0.0830  0.000 
  0.40   0.50  999 11.20  1  -3.5400   0.0930   0.1000  0.000 
  0.40   0.50  999 11.30  1  -3.8300   0.1000   0.2000  0.000 
  0.40   0.50  999 11.40  1  -4.2300   0.2000   0.4000  0.000 
  0.40   0.50  999 11.50  1  -4.7300   0.4000   1.0000  0.000 
  0.40   0.50  999 11.60  1  -5.0100   0.4000   1.0000  0.000 
  0.50   0.65  999 9.70  1  -2.4380   0.0270   0.0290  0.000 
  0.50   0.65  999 9.80  1  -2.5280   0.0250   0.0270  0.000 
  0.50   0.65  999 9.90  1  -2.4930   0.0310   0.0330  0.000 
  0.50   0.65  999 10.00  1  -2.4800   0.0360   0.0390  0.000 
  0.50   0.65  999 10.10  1  -2.5160   0.0220   0.0240  0.000 
  0.50   0.65  999 10.20  1  -2.4910   0.0240   0.0250  0.000 
  0.50   0.65  999 10.30  1  -2.5930   0.0230   0.0250  0.000 
  0.50   0.65  999 10.40  1  -2.5930   0.0250   0.0260  0.000 
  0.50   0.65  999 10.50  1  -2.5660   0.0260   0.0280  0.000 
  0.50   0.65  999 10.60  1  -2.6460   0.0260   0.0280  0.000 
  0.50   0.65  999 10.70  1  -2.6860   0.0260   0.0280  0.000 
  0.50   0.65  999 10.80  1  -2.8150   0.0290   0.0310  0.000 
  0.50   0.65  999 10.90  1  -2.9800   0.0330   0.0350  0.000 
  0.50   0.65  999 11.00  1  -3.1390   0.0390   0.0430  0.000 
  0.50   0.65  999 11.10  1  -3.3680   0.0530   0.0600  0.000 
  0.50   0.65  999 11.20  1  -3.5390   0.0600   0.0690  0.000 
  0.50   0.65  999 11.30  1  -3.9300   0.1000   0.1000  0.000 
  0.50   0.65  999 11.40  1  -4.0800   0.1000   0.2000  0.000 
  0.50   0.65  999 11.50  1  -4.6600   0.2000   0.3000  0.000 
  0.50   0.65  999 11.60  1  -5.3400   0.4000   1.0000  0.000 
  0.50   0.65  999 11.70  1  -4.8100   0.2000   0.4000  0.000 
  0.65   0.80  999 10.00  1  -2.6420   0.0270   0.0290  0.000 
  0.65   0.80  999 10.10  1  -2.6370   0.0300   0.0320  0.000 
  0.65   0.80  999 10.20  1  -2.5640   0.0280   0.0300  0.000 
  0.65   0.80  999 10.30  1  -2.5270   0.0290   0.0310  0.000 
  0.65   0.80  999 10.40  1  -2.5610   0.0240   0.0250  0.000 
  0.65   0.80  999 10.50  1  -2.5750   0.0240   0.0250  0.000 
  0.65   0.80  999 10.60  1  -2.5790   0.0450   0.0500  0.000 
  0.65   0.80  999 10.70  1  -2.6120   0.0410   0.0450  0.000 
  0.65   0.80  999 10.80  1  -2.7440   0.0270   0.0290  0.000 
  0.65   0.80  999 10.90  1  -2.7880   0.0340   0.0370  0.000 
  0.65   0.80  999 11.00  1  -3.0000   0.0380   0.0420  0.000 
  0.65   0.80  999 11.10  1  -3.1480   0.0410   0.0450  0.000 
  0.65   0.80  999 11.20  1  -3.2860   0.0520   0.0590  0.000 
  0.65   0.80  999 11.30  1  -3.6710   0.0630   0.0720  0.000 
  0.65   0.80  999 11.40  1  -4.0400   0.0920   0.1000  0.000 
  0.65   0.80  999 11.50  1  -4.4300   0.2000   0.2000  0.000 
  0.65   0.80  999 11.60  1  -5.0600   0.3000   0.6000  0.000 
  0.65   0.80  999 11.70  1  -4.7500   0.3000   0.5000  0.000 
  0.65   0.80  999 11.80  1  -4.9400   0.4000   1.0000  0.000 
  0.65   0.80  999 12.00  1  -5.4800   0.4000   1.0000  0.000 
  0.80   1.00  999 10.30  1  -2.6390   0.0580   0.0660  0.000 
  0.80   1.00  999 10.40  1  -2.6970   0.0510   0.0570  0.000 
  0.80   1.00  999 10.50  1  -2.7830   0.0400   0.0440  0.000 
  0.80   1.00  999 10.60  1  -2.8730   0.0340   0.0360  0.000 
  0.80   1.00  999 10.70  1  -2.9440   0.0310   0.0340  0.000 
  0.80   1.00  999 10.80  1  -2.9080   0.0380   0.0410  0.000 
  0.80   1.00  999 10.90  1  -3.0110   0.0330   0.0360  0.000 
  0.80   1.00  999 11.00  1  -3.1130   0.0390   0.0430  0.000 
  0.80   1.00  999 11.10  1  -3.2790   0.0400   0.0440  0.000 
  0.80   1.00  999 11.20  1  -3.4050   0.0550   0.0630  0.000 
  0.80   1.00  999 11.30  1  -3.6300   0.0560   0.0630  0.000 
  0.80   1.00  999 11.40  1  -3.9200   0.0870   0.1000  0.000 
  0.80   1.00  999 11.50  1  -4.2200   0.1000   0.1000  0.000 
  0.80   1.00  999 11.60  1  -5.0500   0.2000   0.4000  0.000 
  0.80   1.00  999 11.70  1  -4.8100   0.3000   0.6000  0.000 
  0.80   1.00  999 11.80  1  -5.4200   0.4000   1.0000  0.000 
